#sat         X (m)              Y (m)              Z (m)            clk (sec) 
            Vx (m/sec)         Vy (m/sec)         Vz (m/sec)
G06    -8087141.877283   -16946000.115429   +18816198.536796    -0.0000000839324663 
           +935.160799       -2202.024367       -1549.718937 
G17   -21277079.019361    -7467235.670772   +14287505.066638    -0.0002049026432412 
          +1772.010934        -345.713757       +2507.139013 
G30   -17713788.488599   -19797564.921921      +19213.199002    -0.0000100411321969 
           +233.256829        -211.764461       -3125.995803 
G10    +9027718.478343   -12319180.438809   +21737387.411215    +0.0000332476279105 
          +1847.921706       +2045.610211        +407.803443 
G23   -19452219.579843   -16750492.494805    -6918519.634689    +0.0000103602104482 
           -342.711910        -848.070920       +3081.255076 
G22   -13649580.105814    +8229423.313387   +21122957.833477    +0.0002226780925902 
          -1852.264157       -1973.245117        -371.031134 
G26    +6163063.982361   -25286737.031545    -3541191.267538    +0.0002809931711377 
           +457.198403        -324.699174       +3166.523101 
G05    -8855433.644389   -22060160.059600   -11922133.171368    +0.0001890657370699 
          +1249.404216        +904.688219       -2594.970822 
